for MID-100 self Calibration, i.e., L1 is the base LiDAR

L0: 0.2 0.2 0.2 0.999858 0.000676286 0.0157461 -0.00599366
L2: 0.2 0.2 0.2 0.999964 -0.000508365 0.0043916 -0.00727742

for AVIA calibrating MID-100, i.e., AVIA is the base LiDAR

L0: 0 0 0 -0.0332571 -0.0141886 -0.00218784 0.999344
L1: 0 0 0 -0.0190995 -0.00383766 0.00756648 -0.999782
L2: 0 0 0 0.0135145 -0.00174505 -0.0090076 0.999867